1 0 0.0000000000000000e+00 0.0000000000000000e+00
1 2 0.0000000000000000e+00 0.0000000000000000e+00
1 4 0.0000000000000000e+00 0.0000000000000000e+00
2 2 4.0000000000000001e-02 0.0000000000000000e+00
2 4 4.0000000000000001e-02 0.0000000000000000e+00
3 2 8.0000000000000002e-02 0.0000000000000000e+00
3 4 8.0000000000000002e-02 0.0000000000000000e+00
4 2 1.2000000000000000e-01 0.0000000000000000e+00
4 4 1.2000000000000000e-01 0.0000000000000000e+00
5 2 1.6000000000000000e-01 0.0000000000000000e+00
5 4 1.6000000000000000e-01 0.0000000000000000e+00
6 2 2.0000000000000001e-01 0.0000000000000000e+00
6 4 2.0000000000000001e-01 0.0000000000000000e+00
7 2 2.3999999999999999e-01 0.0000000000000000e+00
7 4 2.3999999999999999e-01 0.0000000000000000e+00
8 2 2.8000000000000003e-01 0.0000000000000000e+00
8 4 2.8000000000000003e-01 0.0000000000000000e+00
9 2 3.2000000000000001e-01 0.0000000000000000e+00
9 4 3.2000000000000001e-01 0.0000000000000000e+00
10 2 3.5999999999999999e-01 0.0000000000000000e+00
10 4 3.5999999999999999e-01 0.0000000000000000e+00
11 2 4.0000000000000002e-01 0.0000000000000000e+00
11 4 4.0000000000000002e-01 0.0000000000000000e+00
12 2 4.4000000000000000e-01 0.0000000000000000e+00
12 4 4.4000000000000000e-01 0.0000000000000000e+00
13 2 4.7999999999999998e-01 0.0000000000000000e+00
13 4 4.7999999999999998e-01 0.0000000000000000e+00
14 2 5.2000000000000002e-01 0.0000000000000000e+00
14 4 5.2000000000000002e-01 0.0000000000000000e+00
15 2 5.6000000000000005e-01 0.0000000000000000e+00
15 4 5.6000000000000005e-01 0.0000000000000000e+00
16 2 5.9999999999999998e-01 0.0000000000000000e+00
16 4 5.9999999999999998e-01 0.0000000000000000e+00
17 2 6.4000000000000001e-01 0.0000000000000000e+00
17 4 6.4000000000000001e-01 0.0000000000000000e+00
18 2 6.8000000000000005e-01 0.0000000000000000e+00
18 4 6.8000000000000005e-01 0.0000000000000000e+00
19 2 7.1999999999999997e-01 0.0000000000000000e+00
19 4 7.1999999999999997e-01 0.0000000000000000e+00
20 2 7.6000000000000001e-01 0.0000000000000000e+00
20 4 7.6000000000000001e-01 0.0000000000000000e+00
21 2 8.0000000000000004e-01 0.0000000000000000e+00
21 4 8.0000000000000004e-01 0.0000000000000000e+00
22 2 8.3999999999999997e-01 0.0000000000000000e+00
22 4 8.3999999999999997e-01 0.0000000000000000e+00
23 2 8.8000000000000000e-01 0.0000000000000000e+00
23 4 8.8000000000000000e-01 0.0000000000000000e+00
24 2 9.2000000000000004e-01 0.0000000000000000e+00
24 4 9.2000000000000004e-01 0.0000000000000000e+00
25 2 9.5999999999999996e-01 0.0000000000000000e+00
25 4 9.5999999999999996e-01 0.0000000000000000e+00
26 1 0.0000000000000000e+00 0.0000000000000000e+00
26 2 1.0000000000000000e+00 0.0000000000000000e+00
26 4 1.0000000000000000e+00 0.0000000000000000e+00
27 0 2.0000000000000001e-01 0.0000000000000000e+00
27 4 0.0000000000000000e+00 2.0000000000000001e-01
28 4 4.0000000000000001e-02 2.0000000000000001e-01
29 4 8.0000000000000002e-02 2.0000000000000001e-01
30 4 1.2000000000000000e-01 2.0000000000000001e-01
31 4 1.6000000000000000e-01 2.0000000000000001e-01
32 4 2.0000000000000001e-01 2.0000000000000001e-01
33 4 2.3999999999999999e-01 2.0000000000000001e-01
34 4 2.8000000000000003e-01 2.0000000000000001e-01
35 4 3.2000000000000001e-01 2.0000000000000001e-01
36 4 3.5999999999999999e-01 2.0000000000000001e-01
37 4 4.0000000000000002e-01 2.0000000000000001e-01
38 4 4.4000000000000000e-01 2.0000000000000001e-01
39 4 4.7999999999999998e-01 2.0000000000000001e-01
40 4 5.2000000000000002e-01 2.0000000000000001e-01
41 4 5.6000000000000005e-01 2.0000000000000001e-01
42 4 5.9999999999999998e-01 2.0000000000000001e-01
43 4 6.4000000000000001e-01 2.0000000000000001e-01
44 4 6.8000000000000005e-01 2.0000000000000001e-01
45 4 7.1999999999999997e-01 2.0000000000000001e-01
46 4 7.6000000000000001e-01 2.0000000000000001e-01
47 4 8.0000000000000004e-01 2.0000000000000001e-01
48 4 8.3999999999999997e-01 2.0000000000000001e-01
49 4 8.8000000000000000e-01 2.0000000000000001e-01
50 4 9.2000000000000004e-01 2.0000000000000001e-01
51 4 9.5999999999999996e-01 2.0000000000000001e-01
52 1 2.0000000000000001e-01 0.0000000000000000e+00
52 4 1.0000000000000000e+00 2.0000000000000001e-01
53 0 4.0000000000000002e-01 0.0000000000000000e+00
53 4 0.0000000000000000e+00 4.0000000000000002e-01
54 4 4.0000000000000001e-02 4.0000000000000002e-01
55 4 8.0000000000000002e-02 4.0000000000000002e-01
56 4 1.2000000000000000e-01 4.0000000000000002e-01
57 4 1.6000000000000000e-01 4.0000000000000002e-01
58 4 2.0000000000000001e-01 4.0000000000000002e-01
59 4 2.3999999999999999e-01 4.0000000000000002e-01
60 4 2.8000000000000003e-01 4.0000000000000002e-01
61 4 3.2000000000000001e-01 4.0000000000000002e-01
62 4 3.5999999999999999e-01 4.0000000000000002e-01
63 4 4.0000000000000002e-01 4.0000000000000002e-01
64 4 4.4000000000000000e-01 4.0000000000000002e-01
65 4 4.7999999999999998e-01 4.0000000000000002e-01
66 4 5.2000000000000002e-01 4.0000000000000002e-01
67 4 5.6000000000000005e-01 4.0000000000000002e-01
68 4 5.9999999999999998e-01 4.0000000000000002e-01
69 4 6.4000000000000001e-01 4.0000000000000002e-01
70 4 6.8000000000000005e-01 4.0000000000000002e-01
71 4 7.1999999999999997e-01 4.0000000000000002e-01
72 4 7.6000000000000001e-01 4.0000000000000002e-01
73 4 8.0000000000000004e-01 4.0000000000000002e-01
74 4 8.3999999999999997e-01 4.0000000000000002e-01
75 4 8.8000000000000000e-01 4.0000000000000002e-01
76 4 9.2000000000000004e-01 4.0000000000000002e-01
77 4 9.5999999999999996e-01 4.0000000000000002e-01
78 1 4.0000000000000002e-01 0.0000000000000000e+00
78 4 1.0000000000000000e+00 4.0000000000000002e-01
79 0 5.9999999999999998e-01 0.0000000000000000e+00
79 4 0.0000000000000000e+00 5.9999999999999998e-01
80 4 4.0000000000000001e-02 5.9999999999999998e-01
81 4 8.0000000000000002e-02 5.9999999999999998e-01
82 4 1.2000000000000000e-01 5.9999999999999998e-01
83 4 1.6000000000000000e-01 5.9999999999999998e-01
84 4 2.0000000000000001e-01 5.9999999999999998e-01
85 4 2.3999999999999999e-01 5.9999999999999998e-01
86 4 2.8000000000000003e-01 5.9999999999999998e-01
87 4 3.2000000000000001e-01 5.9999999999999998e-01
88 4 3.5999999999999999e-01 5.9999999999999998e-01
89 4 4.0000000000000002e-01 5.9999999999999998e-01
90 4 4.4000000000000000e-01 5.9999999999999998e-01
91 4 4.7999999999999998e-01 5.9999999999999998e-01
92 4 5.2000000000000002e-01 5.9999999999999998e-01
93 4 5.6000000000000005e-01 5.9999999999999998e-01
94 4 5.9999999999999998e-01 5.9999999999999998e-01
95 4 6.4000000000000001e-01 5.9999999999999998e-01
96 4 6.8000000000000005e-01 5.9999999999999998e-01
97 4 7.1999999999999997e-01 5.9999999999999998e-01
98 4 7.6000000000000001e-01 5.9999999999999998e-01
99 4 8.0000000000000004e-01 5.9999999999999998e-01
100 4 8.3999999999999997e-01 5.9999999999999998e-01
101 4 8.8000000000000000e-01 5.9999999999999998e-01
102 4 9.2000000000000004e-01 5.9999999999999998e-01
103 4 9.5999999999999996e-01 5.9999999999999998e-01
104 1 5.9999999999999998e-01 0.0000000000000000e+00
104 4 1.0000000000000000e+00 5.9999999999999998e-01
105 0 8.0000000000000004e-01 0.0000000000000000e+00
105 4 0.0000000000000000e+00 8.0000000000000004e-01
106 4 4.0000000000000001e-02 8.0000000000000004e-01
107 4 8.0000000000000002e-02 8.0000000000000004e-01
108 4 1.2000000000000000e-01 8.0000000000000004e-01
109 4 1.6000000000000000e-01 8.0000000000000004e-01
110 4 2.0000000000000001e-01 8.0000000000000004e-01
111 4 2.3999999999999999e-01 8.0000000000000004e-01
112 4 2.8000000000000003e-01 8.0000000000000004e-01
113 4 3.2000000000000001e-01 8.0000000000000004e-01
114 4 3.5999999999999999e-01 8.0000000000000004e-01
115 4 4.0000000000000002e-01 8.0000000000000004e-01
116 4 4.4000000000000000e-01 8.0000000000000004e-01
117 4 4.7999999999999998e-01 8.0000000000000004e-01
118 4 5.2000000000000002e-01 8.0000000000000004e-01
119 4 5.6000000000000005e-01 8.0000000000000004e-01
120 4 5.9999999999999998e-01 8.0000000000000004e-01
121 4 6.4000000000000001e-01 8.0000000000000004e-01
122 4 6.8000000000000005e-01 8.0000000000000004e-01
123 4 7.1999999999999997e-01 8.0000000000000004e-01
124 4 7.6000000000000001e-01 8.0000000000000004e-01
125 4 8.0000000000000004e-01 8.0000000000000004e-01
126 4 8.3999999999999997e-01 8.0000000000000004e-01
127 4 8.8000000000000000e-01 8.0000000000000004e-01
128 4 9.2000000000000004e-01 8.0000000000000004e-01
129 4 9.5999999999999996e-01 8.0000000000000004e-01
130 1 8.0000000000000004e-01 0.0000000000000000e+00
130 4 1.0000000000000000e+00 8.0000000000000004e-01
131 0 1.0000000000000000e+00 0.0000000000000000e+00
131 3 0.0000000000000000e+00 0.0000000000000000e+00
131 4 0.0000000000000000e+00 1.0000000000000000e+00
132 3 4.0000000000000001e-02 0.0000000000000000e+00
132 4 4.0000000000000001e-02 1.0000000000000000e+00
133 3 8.0000000000000002e-02 0.0000000000000000e+00
133 4 8.0000000000000002e-02 1.0000000000000000e+00
134 3 1.2000000000000000e-01 0.0000000000000000e+00
134 4 1.2000000000000000e-01 1.0000000000000000e+00
135 3 1.6000000000000000e-01 0.0000000000000000e+00
135 4 1.6000000000000000e-01 1.0000000000000000e+00
136 3 2.0000000000000001e-01 0.0000000000000000e+00
136 4 2.0000000000000001e-01 1.0000000000000000e+00
137 3 2.3999999999999999e-01 0.0000000000000000e+00
137 4 2.3999999999999999e-01 1.0000000000000000e+00
138 3 2.8000000000000003e-01 0.0000000000000000e+00
138 4 2.8000000000000003e-01 1.0000000000000000e+00
139 3 3.2000000000000001e-01 0.0000000000000000e+00
139 4 3.2000000000000001e-01 1.0000000000000000e+00
140 3 3.5999999999999999e-01 0.0000000000000000e+00
140 4 3.5999999999999999e-01 1.0000000000000000e+00
141 3 4.0000000000000002e-01 0.0000000000000000e+00
141 4 4.0000000000000002e-01 1.0000000000000000e+00
142 3 4.4000000000000000e-01 0.0000000000000000e+00
142 4 4.4000000000000000e-01 1.0000000000000000e+00
143 3 4.7999999999999998e-01 0.0000000000000000e+00
143 4 4.7999999999999998e-01 1.0000000000000000e+00
144 3 5.2000000000000002e-01 0.0000000000000000e+00
144 4 5.2000000000000002e-01 1.0000000000000000e+00
145 3 5.6000000000000005e-01 0.0000000000000000e+00
145 4 5.6000000000000005e-01 1.0000000000000000e+00
146 3 5.9999999999999998e-01 0.0000000000000000e+00
146 4 5.9999999999999998e-01 1.0000000000000000e+00
147 3 6.4000000000000001e-01 0.0000000000000000e+00
147 4 6.4000000000000001e-01 1.0000000000000000e+00
148 3 6.8000000000000005e-01 0.0000000000000000e+00
148 4 6.8000000000000005e-01 1.0000000000000000e+00
149 3 7.1999999999999997e-01 0.0000000000000000e+00
149 4 7.1999999999999997e-01 1.0000000000000000e+00
150 3 7.6000000000000001e-01 0.0000000000000000e+00
150 4 7.6000000000000001e-01 1.0000000000000000e+00
151 3 8.0000000000000004e-01 0.0000000000000000e+00
151 4 8.0000000000000004e-01 1.0000000000000000e+00
152 3 8.3999999999999997e-01 0.0000000000000000e+00
152 4 8.3999999999999997e-01 1.0000000000000000e+00
153 3 8.8000000000000000e-01 0.0000000000000000e+00
153 4 8.8000000000000000e-01 1.0000000000000000e+00
154 3 9.2000000000000004e-01 0.0000000000000000e+00
154 4 9.2000000000000004e-01 1.0000000000000000e+00
155 3 9.5999999999999996e-01 0.0000000000000000e+00
155 4 9.5999999999999996e-01 1.0000000000000000e+00
156 1 1.0000000000000000e+00 0.0000000000000000e+00
156 3 1.0000000000000000e+00 0.0000000000000000e+00
156 4 1.0000000000000000e+00 1.0000000000000000e+00
157 0 0.0000000000000000e+00 1.0000000000000001e-01
157 2 0.0000000000000000e+00 1.0000000000000001e-01
158 2 4.0000000000000001e-02 1.0000000000000001e-01
159 2 8.0000000000000002e-02 1.0000000000000001e-01
160 2 1.2000000000000000e-01 1.0000000000000001e-01
161 2 1.6000000000000000e-01 1.0000000000000001e-01
162 2 2.0000000000000001e-01 1.0000000000000001e-01
163 2 2.3999999999999999e-01 1.0000000000000001e-01
164 2 2.8000000000000003e-01 1.0000000000000001e-01
165 2 3.2000000000000001e-01 1.0000000000000001e-01
166 2 3.5999999999999999e-01 1.0000000000000001e-01
167 2 4.0000000000000002e-01 1.0000000000000001e-01
168 2 4.4000000000000000e-01 1.0000000000000001e-01
169 2 4.7999999999999998e-01 1.0000000000000001e-01
170 2 5.2000000000000002e-01 1.0000000000000001e-01
171 2 5.6000000000000005e-01 1.0000000000000001e-01
172 2 5.9999999999999998e-01 1.0000000000000001e-01
173 2 6.4000000000000001e-01 1.0000000000000001e-01
174 2 6.8000000000000005e-01 1.0000000000000001e-01
175 2 7.1999999999999997e-01 1.0000000000000001e-01
176 2 7.6000000000000001e-01 1.0000000000000001e-01
177 2 8.0000000000000004e-01 1.0000000000000001e-01
178 2 8.3999999999999997e-01 1.0000000000000001e-01
179 2 8.8000000000000000e-01 1.0000000000000001e-01
180 2 9.2000000000000004e-01 1.0000000000000001e-01
181 2 9.5999999999999996e-01 1.0000000000000001e-01
182 1 0.0000000000000000e+00 1.0000000000000001e-01
182 2 1.0000000000000000e+00 1.0000000000000001e-01
183 0 2.0000000000000001e-01 1.0000000000000001e-01
208 1 2.0000000000000001e-01 1.0000000000000001e-01
209 0 4.0000000000000002e-01 1.0000000000000001e-01
234 1 4.0000000000000002e-01 1.0000000000000001e-01
235 0 5.9999999999999998e-01 1.0000000000000001e-01
260 1 5.9999999999999998e-01 1.0000000000000001e-01
261 0 8.0000000000000004e-01 1.0000000000000001e-01
286 1 8.0000000000000004e-01 1.0000000000000001e-01
287 0 1.0000000000000000e+00 1.0000000000000001e-01
287 3 0.0000000000000000e+00 1.0000000000000001e-01
288 3 4.0000000000000001e-02 1.0000000000000001e-01
289 3 8.0000000000000002e-02 1.0000000000000001e-01
290 3 1.2000000000000000e-01 1.0000000000000001e-01
291 3 1.6000000000000000e-01 1.0000000000000001e-01
292 3 2.0000000000000001e-01 1.0000000000000001e-01
293 3 2.3999999999999999e-01 1.0000000000000001e-01
294 3 2.8000000000000003e-01 1.0000000000000001e-01
295 3 3.2000000000000001e-01 1.0000000000000001e-01
296 3 3.5999999999999999e-01 1.0000000000000001e-01
297 3 4.0000000000000002e-01 1.0000000000000001e-01
298 3 4.4000000000000000e-01 1.0000000000000001e-01
299 3 4.7999999999999998e-01 1.0000000000000001e-01
300 3 5.2000000000000002e-01 1.0000000000000001e-01
301 3 5.6000000000000005e-01 1.0000000000000001e-01
302 3 5.9999999999999998e-01 1.0000000000000001e-01
303 3 6.4000000000000001e-01 1.0000000000000001e-01
304 3 6.8000000000000005e-01 1.0000000000000001e-01
305 3 7.1999999999999997e-01 1.0000000000000001e-01
306 3 7.6000000000000001e-01 1.0000000000000001e-01
307 3 8.0000000000000004e-01 1.0000000000000001e-01
308 3 8.3999999999999997e-01 1.0000000000000001e-01
309 3 8.8000000000000000e-01 1.0000000000000001e-01
310 3 9.2000000000000004e-01 1.0000000000000001e-01
311 3 9.5999999999999996e-01 1.0000000000000001e-01
312 1 1.0000000000000000e+00 1.0000000000000001e-01
312 3 1.0000000000000000e+00 1.0000000000000001e-01
313 0 0.0000000000000000e+00 2.0000000000000001e-01
313 2 0.0000000000000000e+00 2.0000000000000001e-01
314 2 4.0000000000000001e-02 2.0000000000000001e-01
315 2 8.0000000000000002e-02 2.0000000000000001e-01
316 2 1.2000000000000000e-01 2.0000000000000001e-01
317 2 1.6000000000000000e-01 2.0000000000000001e-01
318 2 2.0000000000000001e-01 2.0000000000000001e-01
319 2 2.3999999999999999e-01 2.0000000000000001e-01
320 2 2.8000000000000003e-01 2.0000000000000001e-01
321 2 3.2000000000000001e-01 2.0000000000000001e-01
322 2 3.5999999999999999e-01 2.0000000000000001e-01
323 2 4.0000000000000002e-01 2.0000000000000001e-01
324 2 4.4000000000000000e-01 2.0000000000000001e-01
325 2 4.7999999999999998e-01 2.0000000000000001e-01
326 2 5.2000000000000002e-01 2.0000000000000001e-01
327 2 5.6000000000000005e-01 2.0000000000000001e-01
328 2 5.9999999999999998e-01 2.0000000000000001e-01
329 2 6.4000000000000001e-01 2.0000000000000001e-01
330 2 6.8000000000000005e-01 2.0000000000000001e-01
331 2 7.1999999999999997e-01 2.0000000000000001e-01
332 2 7.6000000000000001e-01 2.0000000000000001e-01
333 2 8.0000000000000004e-01 2.0000000000000001e-01
334 2 8.3999999999999997e-01 2.0000000000000001e-01
335 2 8.8000000000000000e-01 2.0000000000000001e-01
336 2 9.2000000000000004e-01 2.0000000000000001e-01
337 2 9.5999999999999996e-01 2.0000000000000001e-01
338 1 0.0000000000000000e+00 2.0000000000000001e-01
338 2 1.0000000000000000e+00 2.0000000000000001e-01
339 0 2.0000000000000001e-01 2.0000000000000001e-01
364 1 2.0000000000000001e-01 2.0000000000000001e-01
365 0 4.0000000000000002e-01 2.0000000000000001e-01
390 1 4.0000000000000002e-01 2.0000000000000001e-01
391 0 5.9999999999999998e-01 2.0000000000000001e-01
416 1 5.9999999999999998e-01 2.0000000000000001e-01
417 0 8.0000000000000004e-01 2.0000000000000001e-01
442 1 8.0000000000000004e-01 2.0000000000000001e-01
443 0 1.0000000000000000e+00 2.0000000000000001e-01
443 3 0.0000000000000000e+00 2.0000000000000001e-01
444 3 4.0000000000000001e-02 2.0000000000000001e-01
445 3 8.0000000000000002e-02 2.0000000000000001e-01
446 3 1.2000000000000000e-01 2.0000000000000001e-01
447 3 1.6000000000000000e-01 2.0000000000000001e-01
448 3 2.0000000000000001e-01 2.0000000000000001e-01
449 3 2.3999999999999999e-01 2.0000000000000001e-01
450 3 2.8000000000000003e-01 2.0000000000000001e-01
451 3 3.2000000000000001e-01 2.0000000000000001e-01
452 3 3.5999999999999999e-01 2.0000000000000001e-01
453 3 4.0000000000000002e-01 2.0000000000000001e-01
454 3 4.4000000000000000e-01 2.0000000000000001e-01
455 3 4.7999999999999998e-01 2.0000000000000001e-01
456 3 5.2000000000000002e-01 2.0000000000000001e-01
457 3 5.6000000000000005e-01 2.0000000000000001e-01
458 3 5.9999999999999998e-01 2.0000000000000001e-01
459 3 6.4000000000000001e-01 2.0000000000000001e-01
460 3 6.8000000000000005e-01 2.0000000000000001e-01
461 3 7.1999999999999997e-01 2.0000000000000001e-01
462 3 7.6000000000000001e-01 2.0000000000000001e-01
463 3 8.0000000000000004e-01 2.0000000000000001e-01
464 3 8.3999999999999997e-01 2.0000000000000001e-01
465 3 8.8000000000000000e-01 2.0000000000000001e-01
466 3 9.2000000000000004e-01 2.0000000000000001e-01
467 3 9.5999999999999996e-01 2.0000000000000001e-01
468 1 1.0000000000000000e+00 2.0000000000000001e-01
468 3 1.0000000000000000e+00 2.0000000000000001e-01
469 0 0.0000000000000000e+00 2.9999999999999999e-01
469 2 0.0000000000000000e+00 2.9999999999999999e-01
470 2 4.0000000000000001e-02 2.9999999999999999e-01
471 2 8.0000000000000002e-02 2.9999999999999999e-01
472 2 1.2000000000000000e-01 2.9999999999999999e-01
473 2 1.6000000000000000e-01 2.9999999999999999e-01
474 2 2.0000000000000001e-01 2.9999999999999999e-01
475 2 2.3999999999999999e-01 2.9999999999999999e-01
476 2 2.8000000000000003e-01 2.9999999999999999e-01
477 2 3.2000000000000001e-01 2.9999999999999999e-01
478 2 3.5999999999999999e-01 2.9999999999999999e-01
479 2 4.0000000000000002e-01 2.9999999999999999e-01
480 2 4.4000000000000000e-01 2.9999999999999999e-01
481 2 4.7999999999999998e-01 2.9999999999999999e-01
482 2 5.2000000000000002e-01 2.9999999999999999e-01
483 2 5.6000000000000005e-01 2.9999999999999999e-01
484 2 5.9999999999999998e-01 2.9999999999999999e-01
485 2 6.4000000000000001e-01 2.9999999999999999e-01
486 2 6.8000000000000005e-01 2.9999999999999999e-01
487 2 7.1999999999999997e-01 2.9999999999999999e-01
488 2 7.6000000000000001e-01 2.9999999999999999e-01
489 2 8.0000000000000004e-01 2.9999999999999999e-01
490 2 8.3999999999999997e-01 2.9999999999999999e-01
491 2 8.8000000000000000e-01 2.9999999999999999e-01
492 2 9.2000000000000004e-01 2.9999999999999999e-01
493 2 9.5999999999999996e-01 2.9999999999999999e-01
494 1 0.0000000000000000e+00 2.9999999999999999e-01
494 2 1.0000000000000000e+00 2.9999999999999999e-01
495 0 2.0000000000000001e-01 2.9999999999999999e-01
520 1 2.0000000000000001e-01 2.9999999999999999e-01
521 0 4.0000000000000002e-01 2.9999999999999999e-01
546 1 4.0000000000000002e-01 2.9999999999999999e-01
547 0 5.9999999999999998e-01 2.9999999999999999e-01
572 1 5.9999999999999998e-01 2.9999999999999999e-01
573 0 8.0000000000000004e-01 2.9999999999999999e-01
598 1 8.0000000000000004e-01 2.9999999999999999e-01
599 0 1.0000000000000000e+00 2.9999999999999999e-01
599 3 0.0000000000000000e+00 2.9999999999999999e-01
600 3 4.0000000000000001e-02 2.9999999999999999e-01
601 3 8.0000000000000002e-02 2.9999999999999999e-01
602 3 1.2000000000000000e-01 2.9999999999999999e-01
603 3 1.6000000000000000e-01 2.9999999999999999e-01
604 3 2.0000000000000001e-01 2.9999999999999999e-01
605 3 2.3999999999999999e-01 2.9999999999999999e-01
606 3 2.8000000000000003e-01 2.9999999999999999e-01
607 3 3.2000000000000001e-01 2.9999999999999999e-01
608 3 3.5999999999999999e-01 2.9999999999999999e-01
609 3 4.0000000000000002e-01 2.9999999999999999e-01
610 3 4.4000000000000000e-01 2.9999999999999999e-01
611 3 4.7999999999999998e-01 2.9999999999999999e-01
612 3 5.2000000000000002e-01 2.9999999999999999e-01
613 3 5.6000000000000005e-01 2.9999999999999999e-01
614 3 5.9999999999999998e-01 2.9999999999999999e-01
615 3 6.4000000000000001e-01 2.9999999999999999e-01
616 3 6.8000000000000005e-01 2.9999999999999999e-01
617 3 7.1999999999999997e-01 2.9999999999999999e-01
618 3 7.6000000000000001e-01 2.9999999999999999e-01
619 3 8.0000000000000004e-01 2.9999999999999999e-01
620 3 8.3999999999999997e-01 2.9999999999999999e-01
621 3 8.8000000000000000e-01 2.9999999999999999e-01
622 3 9.2000000000000004e-01 2.9999999999999999e-01
623 3 9.5999999999999996e-01 2.9999999999999999e-01
624 1 1.0000000000000000e+00 2.9999999999999999e-01
624 3 1.0000000000000000e+00 2.9999999999999999e-01
625 0 0.0000000000000000e+00 4.0000000000000002e-01
625 2 0.0000000000000000e+00 4.0000000000000002e-01
626 2 4.0000000000000001e-02 4.0000000000000002e-01
627 2 8.0000000000000002e-02 4.0000000000000002e-01
628 2 1.2000000000000000e-01 4.0000000000000002e-01
629 2 1.6000000000000000e-01 4.0000000000000002e-01
630 2 2.0000000000000001e-01 4.0000000000000002e-01
631 2 2.3999999999999999e-01 4.0000000000000002e-01
632 2 2.8000000000000003e-01 4.0000000000000002e-01
633 2 3.2000000000000001e-01 4.0000000000000002e-01
634 2 3.5999999999999999e-01 4.0000000000000002e-01
635 2 4.0000000000000002e-01 4.0000000000000002e-01
636 2 4.4000000000000000e-01 4.0000000000000002e-01
637 2 4.7999999999999998e-01 4.0000000000000002e-01
638 2 5.2000000000000002e-01 4.0000000000000002e-01
639 2 5.6000000000000005e-01 4.0000000000000002e-01
640 2 5.9999999999999998e-01 4.0000000000000002e-01
641 2 6.4000000000000001e-01 4.0000000000000002e-01
642 2 6.8000000000000005e-01 4.0000000000000002e-01
643 2 7.1999999999999997e-01 4.0000000000000002e-01
644 2 7.6000000000000001e-01 4.0000000000000002e-01
645 2 8.0000000000000004e-01 4.0000000000000002e-01
646 2 8.3999999999999997e-01 4.0000000000000002e-01
647 2 8.8000000000000000e-01 4.0000000000000002e-01
648 2 9.2000000000000004e-01 4.0000000000000002e-01
649 2 9.5999999999999996e-01 4.0000000000000002e-01
650 1 0.0000000000000000e+00 4.0000000000000002e-01
650 2 1.0000000000000000e+00 4.0000000000000002e-01
651 0 2.0000000000000001e-01 4.0000000000000002e-01
676 1 2.0000000000000001e-01 4.0000000000000002e-01
677 0 4.0000000000000002e-01 4.0000000000000002e-01
702 1 4.0000000000000002e-01 4.0000000000000002e-01
703 0 5.9999999999999998e-01 4.0000000000000002e-01
728 1 5.9999999999999998e-01 4.0000000000000002e-01
729 0 8.0000000000000004e-01 4.0000000000000002e-01
754 1 8.0000000000000004e-01 4.0000000000000002e-01
755 0 1.0000000000000000e+00 4.0000000000000002e-01
755 3 0.0000000000000000e+00 4.0000000000000002e-01
756 3 4.0000000000000001e-02 4.0000000000000002e-01
757 3 8.0000000000000002e-02 4.0000000000000002e-01
758 3 1.2000000000000000e-01 4.0000000000000002e-01
759 3 1.6000000000000000e-01 4.0000000000000002e-01
760 3 2.0000000000000001e-01 4.0000000000000002e-01
761 3 2.3999999999999999e-01 4.0000000000000002e-01
762 3 2.8000000000000003e-01 4.0000000000000002e-01
763 3 3.2000000000000001e-01 4.0000000000000002e-01
764 3 3.5999999999999999e-01 4.0000000000000002e-01
765 3 4.0000000000000002e-01 4.0000000000000002e-01
766 3 4.4000000000000000e-01 4.0000000000000002e-01
767 3 4.7999999999999998e-01 4.0000000000000002e-01
768 3 5.2000000000000002e-01 4.0000000000000002e-01
769 3 5.6000000000000005e-01 4.0000000000000002e-01
770 3 5.9999999999999998e-01 4.0000000000000002e-01
771 3 6.4000000000000001e-01 4.0000000000000002e-01
772 3 6.8000000000000005e-01 4.0000000000000002e-01
773 3 7.1999999999999997e-01 4.0000000000000002e-01
774 3 7.6000000000000001e-01 4.0000000000000002e-01
775 3 8.0000000000000004e-01 4.0000000000000002e-01
776 3 8.3999999999999997e-01 4.0000000000000002e-01
777 3 8.8000000000000000e-01 4.0000000000000002e-01
778 3 9.2000000000000004e-01 4.0000000000000002e-01
779 3 9.5999999999999996e-01 4.0000000000000002e-01
780 1 1.0000000000000000e+00 4.0000000000000002e-01
780 3 1.0000000000000000e+00 4.0000000000000002e-01
781 0 0.0000000000000000e+00 5.0000000000000000e-01
781 2 0.0000000000000000e+00 5.0000000000000000e-01
782 2 4.0000000000000001e-02 5.0000000000000000e-01
783 2 8.0000000000000002e-02 5.0000000000000000e-01
784 2 1.2000000000000000e-01 5.0000000000000000e-01
785 2 1.6000000000000000e-01 5.0000000000000000e-01
786 2 2.0000000000000001e-01 5.0000000000000000e-01
787 2 2.3999999999999999e-01 5.0000000000000000e-01
788 2 2.8000000000000003e-01 5.0000000000000000e-01
789 2 3.2000000000000001e-01 5.0000000000000000e-01
790 2 3.5999999999999999e-01 5.0000000000000000e-01
791 2 4.0000000000000002e-01 5.0000000000000000e-01
792 2 4.4000000000000000e-01 5.0000000000000000e-01
793 2 4.7999999999999998e-01 5.0000000000000000e-01
794 2 5.2000000000000002e-01 5.0000000000000000e-01
795 2 5.6000000000000005e-01 5.0000000000000000e-01
796 2 5.9999999999999998e-01 5.0000000000000000e-01
797 2 6.4000000000000001e-01 5.0000000000000000e-01
798 2 6.8000000000000005e-01 5.0000000000000000e-01
799 2 7.1999999999999997e-01 5.0000000000000000e-01
800 2 7.6000000000000001e-01 5.0000000000000000e-01
801 2 8.0000000000000004e-01 5.0000000000000000e-01
802 2 8.3999999999999997e-01 5.0000000000000000e-01
803 2 8.8000000000000000e-01 5.0000000000000000e-01
804 2 9.2000000000000004e-01 5.0000000000000000e-01
805 2 9.5999999999999996e-01 5.0000000000000000e-01
806 1 0.0000000000000000e+00 5.0000000000000000e-01
806 2 1.0000000000000000e+00 5.0000000000000000e-01
807 0 2.0000000000000001e-01 5.0000000000000000e-01
832 1 2.0000000000000001e-01 5.0000000000000000e-01
833 0 4.0000000000000002e-01 5.0000000000000000e-01
858 1 4.0000000000000002e-01 5.0000000000000000e-01
859 0 5.9999999999999998e-01 5.0000000000000000e-01
884 1 5.9999999999999998e-01 5.0000000000000000e-01
885 0 8.0000000000000004e-01 5.0000000000000000e-01
910 1 8.0000000000000004e-01 5.0000000000000000e-01
911 0 1.0000000000000000e+00 5.0000000000000000e-01
911 3 0.0000000000000000e+00 5.0000000000000000e-01
912 3 4.0000000000000001e-02 5.0000000000000000e-01
913 3 8.0000000000000002e-02 5.0000000000000000e-01
914 3 1.2000000000000000e-01 5.0000000000000000e-01
915 3 1.6000000000000000e-01 5.0000000000000000e-01
916 3 2.0000000000000001e-01 5.0000000000000000e-01
917 3 2.3999999999999999e-01 5.0000000000000000e-01
918 3 2.8000000000000003e-01 5.0000000000000000e-01
919 3 3.2000000000000001e-01 5.0000000000000000e-01
920 3 3.5999999999999999e-01 5.0000000000000000e-01
921 3 4.0000000000000002e-01 5.0000000000000000e-01
922 3 4.4000000000000000e-01 5.0000000000000000e-01
923 3 4.7999999999999998e-01 5.0000000000000000e-01
924 3 5.2000000000000002e-01 5.0000000000000000e-01
925 3 5.6000000000000005e-01 5.0000000000000000e-01
926 3 5.9999999999999998e-01 5.0000000000000000e-01
927 3 6.4000000000000001e-01 5.0000000000000000e-01
928 3 6.8000000000000005e-01 5.0000000000000000e-01
929 3 7.1999999999999997e-01 5.0000000000000000e-01
930 3 7.6000000000000001e-01 5.0000000000000000e-01
931 3 8.0000000000000004e-01 5.0000000000000000e-01
932 3 8.3999999999999997e-01 5.0000000000000000e-01
933 3 8.8000000000000000e-01 5.0000000000000000e-01
934 3 9.2000000000000004e-01 5.0000000000000000e-01
935 3 9.5999999999999996e-01 5.0000000000000000e-01
936 1 1.0000000000000000e+00 5.0000000000000000e-01
936 3 1.0000000000000000e+00 5.0000000000000000e-01
937 0 0.0000000000000000e+00 5.9999999999999998e-01
937 2 0.0000000000000000e+00 5.9999999999999998e-01
938 2 4.0000000000000001e-02 5.9999999999999998e-01
939 2 8.0000000000000002e-02 5.9999999999999998e-01
940 2 1.2000000000000000e-01 5.9999999999999998e-01
941 2 1.6000000000000000e-01 5.9999999999999998e-01
942 2 2.0000000000000001e-01 5.9999999999999998e-01
943 2 2.3999999999999999e-01 5.9999999999999998e-01
944 2 2.8000000000000003e-01 5.9999999999999998e-01
945 2 3.2000000000000001e-01 5.9999999999999998e-01
946 2 3.5999999999999999e-01 5.9999999999999998e-01
947 2 4.0000000000000002e-01 5.9999999999999998e-01
948 2 4.4000000000000000e-01 5.9999999999999998e-01
949 2 4.7999999999999998e-01 5.9999999999999998e-01
950 2 5.2000000000000002e-01 5.9999999999999998e-01
951 2 5.6000000000000005e-01 5.9999999999999998e-01
952 2 5.9999999999999998e-01 5.9999999999999998e-01
953 2 6.4000000000000001e-01 5.9999999999999998e-01
954 2 6.8000000000000005e-01 5.9999999999999998e-01
955 2 7.1999999999999997e-01 5.9999999999999998e-01
956 2 7.6000000000000001e-01 5.9999999999999998e-01
957 2 8.0000000000000004e-01 5.9999999999999998e-01
958 2 8.3999999999999997e-01 5.9999999999999998e-01
959 2 8.8000000000000000e-01 5.9999999999999998e-01
960 2 9.2000000000000004e-01 5.9999999999999998e-01
961 2 9.5999999999999996e-01 5.9999999999999998e-01
962 1 0.0000000000000000e+00 5.9999999999999998e-01
962 2 1.0000000000000000e+00 5.9999999999999998e-01
963 0 2.0000000000000001e-01 5.9999999999999998e-01
988 1 2.0000000000000001e-01 5.9999999999999998e-01
989 0 4.0000000000000002e-01 5.9999999999999998e-01
1014 1 4.0000000000000002e-01 5.9999999999999998e-01
1015 0 5.9999999999999998e-01 5.9999999999999998e-01
1040 1 5.9999999999999998e-01 5.9999999999999998e-01
1041 0 8.0000000000000004e-01 5.9999999999999998e-01
1066 1 8.0000000000000004e-01 5.9999999999999998e-01
1067 0 1.0000000000000000e+00 5.9999999999999998e-01
1067 3 0.0000000000000000e+00 5.9999999999999998e-01
1068 3 4.0000000000000001e-02 5.9999999999999998e-01
1069 3 8.0000000000000002e-02 5.9999999999999998e-01
1070 3 1.2000000000000000e-01 5.9999999999999998e-01
1071 3 1.6000000000000000e-01 5.9999999999999998e-01
1072 3 2.0000000000000001e-01 5.9999999999999998e-01
1073 3 2.3999999999999999e-01 5.9999999999999998e-01
1074 3 2.8000000000000003e-01 5.9999999999999998e-01
1075 3 3.2000000000000001e-01 5.9999999999999998e-01
1076 3 3.5999999999999999e-01 5.9999999999999998e-01
1077 3 4.0000000000000002e-01 5.9999999999999998e-01
1078 3 4.4000000000000000e-01 5.9999999999999998e-01
1079 3 4.7999999999999998e-01 5.9999999999999998e-01
1080 3 5.2000000000000002e-01 5.9999999999999998e-01
1081 3 5.6000000000000005e-01 5.9999999999999998e-01
1082 3 5.9999999999999998e-01 5.9999999999999998e-01
1083 3 6.4000000000000001e-01 5.9999999999999998e-01
1084 3 6.8000000000000005e-01 5.9999999999999998e-01
1085 3 7.1999999999999997e-01 5.9999999999999998e-01
1086 3 7.6000000000000001e-01 5.9999999999999998e-01
1087 3 8.0000000000000004e-01 5.9999999999999998e-01
1088 3 8.3999999999999997e-01 5.9999999999999998e-01
1089 3 8.8000000000000000e-01 5.9999999999999998e-01
1090 3 9.2000000000000004e-01 5.9999999999999998e-01
1091 3 9.5999999999999996e-01 5.9999999999999998e-01
1092 1 1.0000000000000000e+00 5.9999999999999998e-01
1092 3 1.0000000000000000e+00 5.9999999999999998e-01
1093 0 0.0000000000000000e+00 6.9999999999999996e-01
1093 2 0.0000000000000000e+00 6.9999999999999996e-01
1094 2 4.0000000000000001e-02 6.9999999999999996e-01
1095 2 8.0000000000000002e-02 6.9999999999999996e-01
1096 2 1.2000000000000000e-01 6.9999999999999996e-01
1097 2 1.6000000000000000e-01 6.9999999999999996e-01
1098 2 2.0000000000000001e-01 6.9999999999999996e-01
1099 2 2.3999999999999999e-01 6.9999999999999996e-01
1100 2 2.8000000000000003e-01 6.9999999999999996e-01
1101 2 3.2000000000000001e-01 6.9999999999999996e-01
1102 2 3.5999999999999999e-01 6.9999999999999996e-01
1103 2 4.0000000000000002e-01 6.9999999999999996e-01
1104 2 4.4000000000000000e-01 6.9999999999999996e-01
1105 2 4.7999999999999998e-01 6.9999999999999996e-01
1106 2 5.2000000000000002e-01 6.9999999999999996e-01
1107 2 5.6000000000000005e-01 6.9999999999999996e-01
1108 2 5.9999999999999998e-01 6.9999999999999996e-01
1109 2 6.4000000000000001e-01 6.9999999999999996e-01
1110 2 6.8000000000000005e-01 6.9999999999999996e-01
1111 2 7.1999999999999997e-01 6.9999999999999996e-01
1112 2 7.6000000000000001e-01 6.9999999999999996e-01
1113 2 8.0000000000000004e-01 6.9999999999999996e-01
1114 2 8.3999999999999997e-01 6.9999999999999996e-01
1115 2 8.8000000000000000e-01 6.9999999999999996e-01
1116 2 9.2000000000000004e-01 6.9999999999999996e-01
1117 2 9.5999999999999996e-01 6.9999999999999996e-01
1118 1 0.0000000000000000e+00 6.9999999999999996e-01
1118 2 1.0000000000000000e+00 6.9999999999999996e-01
1119 0 2.0000000000000001e-01 6.9999999999999996e-01
1144 1 2.0000000000000001e-01 6.9999999999999996e-01
1145 0 4.0000000000000002e-01 6.9999999999999996e-01
1170 1 4.0000000000000002e-01 6.9999999999999996e-01
1171 0 5.9999999999999998e-01 6.9999999999999996e-01
1196 1 5.9999999999999998e-01 6.9999999999999996e-01
1197 0 8.0000000000000004e-01 6.9999999999999996e-01
1222 1 8.0000000000000004e-01 6.9999999999999996e-01
1223 0 1.0000000000000000e+00 6.9999999999999996e-01
1223 3 0.0000000000000000e+00 6.9999999999999996e-01
1224 3 4.0000000000000001e-02 6.9999999999999996e-01
1225 3 8.0000000000000002e-02 6.9999999999999996e-01
1226 3 1.2000000000000000e-01 6.9999999999999996e-01
1227 3 1.6000000000000000e-01 6.9999999999999996e-01
1228 3 2.0000000000000001e-01 6.9999999999999996e-01
1229 3 2.3999999999999999e-01 6.9999999999999996e-01
1230 3 2.8000000000000003e-01 6.9999999999999996e-01
1231 3 3.2000000000000001e-01 6.9999999999999996e-01
1232 3 3.5999999999999999e-01 6.9999999999999996e-01
1233 3 4.0000000000000002e-01 6.9999999999999996e-01
1234 3 4.4000000000000000e-01 6.9999999999999996e-01
1235 3 4.7999999999999998e-01 6.9999999999999996e-01
1236 3 5.2000000000000002e-01 6.9999999999999996e-01
1237 3 5.6000000000000005e-01 6.9999999999999996e-01
1238 3 5.9999999999999998e-01 6.9999999999999996e-01
1239 3 6.4000000000000001e-01 6.9999999999999996e-01
1240 3 6.8000000000000005e-01 6.9999999999999996e-01
1241 3 7.1999999999999997e-01 6.9999999999999996e-01
1242 3 7.6000000000000001e-01 6.9999999999999996e-01
1243 3 8.0000000000000004e-01 6.9999999999999996e-01
1244 3 8.3999999999999997e-01 6.9999999999999996e-01
1245 3 8.8000000000000000e-01 6.9999999999999996e-01
1246 3 9.2000000000000004e-01 6.9999999999999996e-01
1247 3 9.5999999999999996e-01 6.9999999999999996e-01
1248 1 1.0000000000000000e+00 6.9999999999999996e-01
1248 3 1.0000000000000000e+00 6.9999999999999996e-01
1249 0 0.0000000000000000e+00 8.0000000000000004e-01
1249 2 0.0000000000000000e+00 8.0000000000000004e-01
1250 2 4.0000000000000001e-02 8.0000000000000004e-01
1251 2 8.0000000000000002e-02 8.0000000000000004e-01
1252 2 1.2000000000000000e-01 8.0000000000000004e-01
1253 2 1.6000000000000000e-01 8.0000000000000004e-01
1254 2 2.0000000000000001e-01 8.0000000000000004e-01
1255 2 2.3999999999999999e-01 8.0000000000000004e-01
1256 2 2.8000000000000003e-01 8.0000000000000004e-01
1257 2 3.2000000000000001e-01 8.0000000000000004e-01
1258 2 3.5999999999999999e-01 8.0000000000000004e-01
1259 2 4.0000000000000002e-01 8.0000000000000004e-01
1260 2 4.4000000000000000e-01 8.0000000000000004e-01
1261 2 4.7999999999999998e-01 8.0000000000000004e-01
1262 2 5.2000000000000002e-01 8.0000000000000004e-01
1263 2 5.6000000000000005e-01 8.0000000000000004e-01
1264 2 5.9999999999999998e-01 8.0000000000000004e-01
1265 2 6.4000000000000001e-01 8.0000000000000004e-01
1266 2 6.8000000000000005e-01 8.0000000000000004e-01
1267 2 7.1999999999999997e-01 8.0000000000000004e-01
1268 2 7.6000000000000001e-01 8.0000000000000004e-01
1269 2 8.0000000000000004e-01 8.0000000000000004e-01
1270 2 8.3999999999999997e-01 8.0000000000000004e-01
1271 2 8.8000000000000000e-01 8.0000000000000004e-01
1272 2 9.2000000000000004e-01 8.0000000000000004e-01
1273 2 9.5999999999999996e-01 8.0000000000000004e-01
1274 1 0.0000000000000000e+00 8.0000000000000004e-01
1274 2 1.0000000000000000e+00 8.0000000000000004e-01
1275 0 2.0000000000000001e-01 8.0000000000000004e-01
1300 1 2.0000000000000001e-01 8.0000000000000004e-01
1301 0 4.0000000000000002e-01 8.0000000000000004e-01
1326 1 4.0000000000000002e-01 8.0000000000000004e-01
1327 0 5.9999999999999998e-01 8.0000000000000004e-01
1352 1 5.9999999999999998e-01 8.0000000000000004e-01
1353 0 8.0000000000000004e-01 8.0000000000000004e-01
1378 1 8.0000000000000004e-01 8.0000000000000004e-01
1379 0 1.0000000000000000e+00 8.0000000000000004e-01
1379 3 0.0000000000000000e+00 8.0000000000000004e-01
1380 3 4.0000000000000001e-02 8.0000000000000004e-01
1381 3 8.0000000000000002e-02 8.0000000000000004e-01
1382 3 1.2000000000000000e-01 8.0000000000000004e-01
1383 3 1.6000000000000000e-01 8.0000000000000004e-01
1384 3 2.0000000000000001e-01 8.0000000000000004e-01
1385 3 2.3999999999999999e-01 8.0000000000000004e-01
1386 3 2.8000000000000003e-01 8.0000000000000004e-01
1387 3 3.2000000000000001e-01 8.0000000000000004e-01
1388 3 3.5999999999999999e-01 8.0000000000000004e-01
1389 3 4.0000000000000002e-01 8.0000000000000004e-01
1390 3 4.4000000000000000e-01 8.0000000000000004e-01
1391 3 4.7999999999999998e-01 8.0000000000000004e-01
1392 3 5.2000000000000002e-01 8.0000000000000004e-01
1393 3 5.6000000000000005e-01 8.0000000000000004e-01
1394 3 5.9999999999999998e-01 8.0000000000000004e-01
1395 3 6.4000000000000001e-01 8.0000000000000004e-01
1396 3 6.8000000000000005e-01 8.0000000000000004e-01
1397 3 7.1999999999999997e-01 8.0000000000000004e-01
1398 3 7.6000000000000001e-01 8.0000000000000004e-01
1399 3 8.0000000000000004e-01 8.0000000000000004e-01
1400 3 8.3999999999999997e-01 8.0000000000000004e-01
1401 3 8.8000000000000000e-01 8.0000000000000004e-01
1402 3 9.2000000000000004e-01 8.0000000000000004e-01
1403 3 9.5999999999999996e-01 8.0000000000000004e-01
1404 1 1.0000000000000000e+00 8.0000000000000004e-01
1404 3 1.0000000000000000e+00 8.0000000000000004e-01
1405 0 0.0000000000000000e+00 9.0000000000000002e-01
1405 2 0.0000000000000000e+00 9.0000000000000002e-01
1406 2 4.0000000000000001e-02 9.0000000000000002e-01
1407 2 8.0000000000000002e-02 9.0000000000000002e-01
1408 2 1.2000000000000000e-01 9.0000000000000002e-01
1409 2 1.6000000000000000e-01 9.0000000000000002e-01
1410 2 2.0000000000000001e-01 9.0000000000000002e-01
1411 2 2.3999999999999999e-01 9.0000000000000002e-01
1412 2 2.8000000000000003e-01 9.0000000000000002e-01
1413 2 3.2000000000000001e-01 9.0000000000000002e-01
1414 2 3.5999999999999999e-01 9.0000000000000002e-01
1415 2 4.0000000000000002e-01 9.0000000000000002e-01
1416 2 4.4000000000000000e-01 9.0000000000000002e-01
1417 2 4.7999999999999998e-01 9.0000000000000002e-01
1418 2 5.2000000000000002e-01 9.0000000000000002e-01
1419 2 5.6000000000000005e-01 9.0000000000000002e-01
1420 2 5.9999999999999998e-01 9.0000000000000002e-01
1421 2 6.4000000000000001e-01 9.0000000000000002e-01
1422 2 6.8000000000000005e-01 9.0000000000000002e-01
1423 2 7.1999999999999997e-01 9.0000000000000002e-01
1424 2 7.6000000000000001e-01 9.0000000000000002e-01
1425 2 8.0000000000000004e-01 9.0000000000000002e-01
1426 2 8.3999999999999997e-01 9.0000000000000002e-01
1427 2 8.8000000000000000e-01 9.0000000000000002e-01
1428 2 9.2000000000000004e-01 9.0000000000000002e-01
1429 2 9.5999999999999996e-01 9.0000000000000002e-01
1430 1 0.0000000000000000e+00 9.0000000000000002e-01
1430 2 1.0000000000000000e+00 9.0000000000000002e-01
1431 0 2.0000000000000001e-01 9.0000000000000002e-01
1456 1 2.0000000000000001e-01 9.0000000000000002e-01
1457 0 4.0000000000000002e-01 9.0000000000000002e-01
1482 1 4.0000000000000002e-01 9.0000000000000002e-01
1483 0 5.9999999999999998e-01 9.0000000000000002e-01
1508 1 5.9999999999999998e-01 9.0000000000000002e-01
1509 0 8.0000000000000004e-01 9.0000000000000002e-01
1534 1 8.0000000000000004e-01 9.0000000000000002e-01
1535 0 1.0000000000000000e+00 9.0000000000000002e-01
1535 3 0.0000000000000000e+00 9.0000000000000002e-01
1536 3 4.0000000000000001e-02 9.0000000000000002e-01
1537 3 8.0000000000000002e-02 9.0000000000000002e-01
1538 3 1.2000000000000000e-01 9.0000000000000002e-01
1539 3 1.6000000000000000e-01 9.0000000000000002e-01
1540 3 2.0000000000000001e-01 9.0000000000000002e-01
1541 3 2.3999999999999999e-01 9.0000000000000002e-01
1542 3 2.8000000000000003e-01 9.0000000000000002e-01
1543 3 3.2000000000000001e-01 9.0000000000000002e-01
1544 3 3.5999999999999999e-01 9.0000000000000002e-01
1545 3 4.0000000000000002e-01 9.0000000000000002e-01
1546 3 4.4000000000000000e-01 9.0000000000000002e-01
1547 3 4.7999999999999998e-01 9.0000000000000002e-01
1548 3 5.2000000000000002e-01 9.0000000000000002e-01
1549 3 5.6000000000000005e-01 9.0000000000000002e-01
1550 3 5.9999999999999998e-01 9.0000000000000002e-01
1551 3 6.4000000000000001e-01 9.0000000000000002e-01
1552 3 6.8000000000000005e-01 9.0000000000000002e-01
1553 3 7.1999999999999997e-01 9.0000000000000002e-01
1554 3 7.6000000000000001e-01 9.0000000000000002e-01
1555 3 8.0000000000000004e-01 9.0000000000000002e-01
1556 3 8.3999999999999997e-01 9.0000000000000002e-01
1557 3 8.8000000000000000e-01 9.0000000000000002e-01
1558 3 9.2000000000000004e-01 9.0000000000000002e-01
1559 3 9.5999999999999996e-01 9.0000000000000002e-01
1560 1 1.0000000000000000e+00 9.0000000000000002e-01
1560 3 1.0000000000000000e+00 9.0000000000000002e-01
1561 0 0.0000000000000000e+00 1.0000000000000000e+00
1561 2 0.0000000000000000e+00 1.0000000000000000e+00
1561 5 0.0000000000000000e+00 0.0000000000000000e+00
1562 2 4.0000000000000001e-02 1.0000000000000000e+00
1562 5 4.0000000000000001e-02 0.0000000000000000e+00
1563 2 8.0000000000000002e-02 1.0000000000000000e+00
1563 5 8.0000000000000002e-02 0.0000000000000000e+00
1564 2 1.2000000000000000e-01 1.0000000000000000e+00
1564 5 1.2000000000000000e-01 0.0000000000000000e+00
1565 2 1.6000000000000000e-01 1.0000000000000000e+00
1565 5 1.6000000000000000e-01 0.0000000000000000e+00
1566 2 2.0000000000000001e-01 1.0000000000000000e+00
1566 5 2.0000000000000001e-01 0.0000000000000000e+00
1567 2 2.3999999999999999e-01 1.0000000000000000e+00
1567 5 2.3999999999999999e-01 0.0000000000000000e+00
1568 2 2.8000000000000003e-01 1.0000000000000000e+00
1568 5 2.8000000000000003e-01 0.0000000000000000e+00
1569 2 3.2000000000000001e-01 1.0000000000000000e+00
1569 5 3.2000000000000001e-01 0.0000000000000000e+00
1570 2 3.5999999999999999e-01 1.0000000000000000e+00
1570 5 3.5999999999999999e-01 0.0000000000000000e+00
1571 2 4.0000000000000002e-01 1.0000000000000000e+00
1571 5 4.0000000000000002e-01 0.0000000000000000e+00
1572 2 4.4000000000000000e-01 1.0000000000000000e+00
1572 5 4.4000000000000000e-01 0.0000000000000000e+00
1573 2 4.7999999999999998e-01 1.0000000000000000e+00
1573 5 4.7999999999999998e-01 0.0000000000000000e+00
1574 2 5.2000000000000002e-01 1.0000000000000000e+00
1574 5 5.2000000000000002e-01 0.0000000000000000e+00
1575 2 5.6000000000000005e-01 1.0000000000000000e+00
1575 5 5.6000000000000005e-01 0.0000000000000000e+00
1576 2 5.9999999999999998e-01 1.0000000000000000e+00
1576 5 5.9999999999999998e-01 0.0000000000000000e+00
1577 2 6.4000000000000001e-01 1.0000000000000000e+00
1577 5 6.4000000000000001e-01 0.0000000000000000e+00
1578 2 6.8000000000000005e-01 1.0000000000000000e+00
1578 5 6.8000000000000005e-01 0.0000000000000000e+00
1579 2 7.1999999999999997e-01 1.0000000000000000e+00
1579 5 7.1999999999999997e-01 0.0000000000000000e+00
1580 2 7.6000000000000001e-01 1.0000000000000000e+00
1580 5 7.6000000000000001e-01 0.0000000000000000e+00
1581 2 8.0000000000000004e-01 1.0000000000000000e+00
1581 5 8.0000000000000004e-01 0.0000000000000000e+00
1582 2 8.3999999999999997e-01 1.0000000000000000e+00
1582 5 8.3999999999999997e-01 0.0000000000000000e+00
1583 2 8.8000000000000000e-01 1.0000000000000000e+00
1583 5 8.8000000000000000e-01 0.0000000000000000e+00
1584 2 9.2000000000000004e-01 1.0000000000000000e+00
1584 5 9.2000000000000004e-01 0.0000000000000000e+00
1585 2 9.5999999999999996e-01 1.0000000000000000e+00
1585 5 9.5999999999999996e-01 0.0000000000000000e+00
1586 1 0.0000000000000000e+00 1.0000000000000000e+00
1586 2 1.0000000000000000e+00 1.0000000000000000e+00
1586 5 1.0000000000000000e+00 0.0000000000000000e+00
1587 0 2.0000000000000001e-01 1.0000000000000000e+00
1587 5 0.0000000000000000e+00 2.0000000000000001e-01
1588 5 4.0000000000000001e-02 2.0000000000000001e-01
1589 5 8.0000000000000002e-02 2.0000000000000001e-01
1590 5 1.2000000000000000e-01 2.0000000000000001e-01
1591 5 1.6000000000000000e-01 2.0000000000000001e-01
1592 5 2.0000000000000001e-01 2.0000000000000001e-01
1593 5 2.3999999999999999e-01 2.0000000000000001e-01
1594 5 2.8000000000000003e-01 2.0000000000000001e-01
1595 5 3.2000000000000001e-01 2.0000000000000001e-01
1596 5 3.5999999999999999e-01 2.0000000000000001e-01
1597 5 4.0000000000000002e-01 2.0000000000000001e-01
1598 5 4.4000000000000000e-01 2.0000000000000001e-01
1599 5 4.7999999999999998e-01 2.0000000000000001e-01
1600 5 5.2000000000000002e-01 2.0000000000000001e-01
1601 5 5.6000000000000005e-01 2.0000000000000001e-01
1602 5 5.9999999999999998e-01 2.0000000000000001e-01
1603 5 6.4000000000000001e-01 2.0000000000000001e-01
1604 5 6.8000000000000005e-01 2.0000000000000001e-01
1605 5 7.1999999999999997e-01 2.0000000000000001e-01
1606 5 7.6000000000000001e-01 2.0000000000000001e-01
1607 5 8.0000000000000004e-01 2.0000000000000001e-01
1608 5 8.3999999999999997e-01 2.0000000000000001e-01
1609 5 8.8000000000000000e-01 2.0000000000000001e-01
1610 5 9.2000000000000004e-01 2.0000000000000001e-01
1611 5 9.5999999999999996e-01 2.0000000000000001e-01
1612 1 2.0000000000000001e-01 1.0000000000000000e+00
1612 5 1.0000000000000000e+00 2.0000000000000001e-01
1613 0 4.0000000000000002e-01 1.0000000000000000e+00
1613 5 0.0000000000000000e+00 4.0000000000000002e-01
1614 5 4.0000000000000001e-02 4.0000000000000002e-01
1615 5 8.0000000000000002e-02 4.0000000000000002e-01
1616 5 1.2000000000000000e-01 4.0000000000000002e-01
1617 5 1.6000000000000000e-01 4.0000000000000002e-01
1618 5 2.0000000000000001e-01 4.0000000000000002e-01
1619 5 2.3999999999999999e-01 4.0000000000000002e-01
1620 5 2.8000000000000003e-01 4.0000000000000002e-01
1621 5 3.2000000000000001e-01 4.0000000000000002e-01
1622 5 3.5999999999999999e-01 4.0000000000000002e-01
1623 5 4.0000000000000002e-01 4.0000000000000002e-01
1624 5 4.4000000000000000e-01 4.0000000000000002e-01
1625 5 4.7999999999999998e-01 4.0000000000000002e-01
1626 5 5.2000000000000002e-01 4.0000000000000002e-01
1627 5 5.6000000000000005e-01 4.0000000000000002e-01
1628 5 5.9999999999999998e-01 4.0000000000000002e-01
1629 5 6.4000000000000001e-01 4.0000000000000002e-01
1630 5 6.8000000000000005e-01 4.0000000000000002e-01
1631 5 7.1999999999999997e-01 4.0000000000000002e-01
1632 5 7.6000000000000001e-01 4.0000000000000002e-01
1633 5 8.0000000000000004e-01 4.0000000000000002e-01
1634 5 8.3999999999999997e-01 4.0000000000000002e-01
1635 5 8.8000000000000000e-01 4.0000000000000002e-01
1636 5 9.2000000000000004e-01 4.0000000000000002e-01
1637 5 9.5999999999999996e-01 4.0000000000000002e-01
1638 1 4.0000000000000002e-01 1.0000000000000000e+00
1638 5 1.0000000000000000e+00 4.0000000000000002e-01
1639 0 5.9999999999999998e-01 1.0000000000000000e+00
1639 5 0.0000000000000000e+00 5.9999999999999998e-01
1640 5 4.0000000000000001e-02 5.9999999999999998e-01
1641 5 8.0000000000000002e-02 5.9999999999999998e-01
1642 5 1.2000000000000000e-01 5.9999999999999998e-01
1643 5 1.6000000000000000e-01 5.9999999999999998e-01
1644 5 2.0000000000000001e-01 5.9999999999999998e-01
1645 5 2.3999999999999999e-01 5.9999999999999998e-01
1646 5 2.8000000000000003e-01 5.9999999999999998e-01
1647 5 3.2000000000000001e-01 5.9999999999999998e-01
1648 5 3.5999999999999999e-01 5.9999999999999998e-01
1649 5 4.0000000000000002e-01 5.9999999999999998e-01
1650 5 4.4000000000000000e-01 5.9999999999999998e-01
1651 5 4.7999999999999998e-01 5.9999999999999998e-01
1652 5 5.2000000000000002e-01 5.9999999999999998e-01
1653 5 5.6000000000000005e-01 5.9999999999999998e-01
1654 5 5.9999999999999998e-01 5.9999999999999998e-01
1655 5 6.4000000000000001e-01 5.9999999999999998e-01
1656 5 6.8000000000000005e-01 5.9999999999999998e-01
1657 5 7.1999999999999997e-01 5.9999999999999998e-01
1658 5 7.6000000000000001e-01 5.9999999999999998e-01
1659 5 8.0000000000000004e-01 5.9999999999999998e-01
1660 5 8.3999999999999997e-01 5.9999999999999998e-01
1661 5 8.8000000000000000e-01 5.9999999999999998e-01
1662 5 9.2000000000000004e-01 5.9999999999999998e-01
1663 5 9.5999999999999996e-01 5.9999999999999998e-01
1664 1 5.9999999999999998e-01 1.0000000000000000e+00
1664 5 1.0000000000000000e+00 5.9999999999999998e-01
1665 0 8.0000000000000004e-01 1.0000000000000000e+00
1665 5 0.0000000000000000e+00 8.0000000000000004e-01
1666 5 4.0000000000000001e-02 8.0000000000000004e-01
1667 5 8.0000000000000002e-02 8.0000000000000004e-01
1668 5 1.2000000000000000e-01 8.0000000000000004e-01
1669 5 1.6000000000000000e-01 8.0000000000000004e-01
1670 5 2.0000000000000001e-01 8.0000000000000004e-01
1671 5 2.3999999999999999e-01 8.0000000000000004e-01
1672 5 2.8000000000000003e-01 8.0000000000000004e-01
1673 5 3.2000000000000001e-01 8.0000000000000004e-01
1674 5 3.5999999999999999e-01 8.0000000000000004e-01
1675 5 4.0000000000000002e-01 8.0000000000000004e-01
1676 5 4.4000000000000000e-01 8.0000000000000004e-01
1677 5 4.7999999999999998e-01 8.0000000000000004e-01
1678 5 5.2000000000000002e-01 8.0000000000000004e-01
1679 5 5.6000000000000005e-01 8.0000000000000004e-01
1680 5 5.9999999999999998e-01 8.0000000000000004e-01
1681 5 6.4000000000000001e-01 8.0000000000000004e-01
1682 5 6.8000000000000005e-01 8.0000000000000004e-01
1683 5 7.1999999999999997e-01 8.0000000000000004e-01
1684 5 7.6000000000000001e-01 8.0000000000000004e-01
1685 5 8.0000000000000004e-01 8.0000000000000004e-01
1686 5 8.3999999999999997e-01 8.0000000000000004e-01
1687 5 8.8000000000000000e-01 8.0000000000000004e-01
1688 5 9.2000000000000004e-01 8.0000000000000004e-01
1689 5 9.5999999999999996e-01 8.0000000000000004e-01
1690 1 8.0000000000000004e-01 1.0000000000000000e+00
1690 5 1.0000000000000000e+00 8.0000000000000004e-01
1691 0 1.0000000000000000e+00 1.0000000000000000e+00
1691 3 0.0000000000000000e+00 1.0000000000000000e+00
1691 5 0.0000000000000000e+00 1.0000000000000000e+00
1692 3 4.0000000000000001e-02 1.0000000000000000e+00
1692 5 4.0000000000000001e-02 1.0000000000000000e+00
1693 3 8.0000000000000002e-02 1.0000000000000000e+00
1693 5 8.0000000000000002e-02 1.0000000000000000e+00
1694 3 1.2000000000000000e-01 1.0000000000000000e+00
1694 5 1.2000000000000000e-01 1.0000000000000000e+00
1695 3 1.6000000000000000e-01 1.0000000000000000e+00
1695 5 1.6000000000000000e-01 1.0000000000000000e+00
1696 3 2.0000000000000001e-01 1.0000000000000000e+00
1696 5 2.0000000000000001e-01 1.0000000000000000e+00
1697 3 2.3999999999999999e-01 1.0000000000000000e+00
1697 5 2.3999999999999999e-01 1.0000000000000000e+00
1698 3 2.8000000000000003e-01 1.0000000000000000e+00
1698 5 2.8000000000000003e-01 1.0000000000000000e+00
1699 3 3.2000000000000001e-01 1.0000000000000000e+00
1699 5 3.2000000000000001e-01 1.0000000000000000e+00
1700 3 3.5999999999999999e-01 1.0000000000000000e+00
1700 5 3.5999999999999999e-01 1.0000000000000000e+00
1701 3 4.0000000000000002e-01 1.0000000000000000e+00
1701 5 4.0000000000000002e-01 1.0000000000000000e+00
1702 3 4.4000000000000000e-01 1.0000000000000000e+00
1702 5 4.4000000000000000e-01 1.0000000000000000e+00
1703 3 4.7999999999999998e-01 1.0000000000000000e+00
1703 5 4.7999999999999998e-01 1.0000000000000000e+00
1704 3 5.2000000000000002e-01 1.0000000000000000e+00
1704 5 5.2000000000000002e-01 1.0000000000000000e+00
1705 3 5.6000000000000005e-01 1.0000000000000000e+00
1705 5 5.6000000000000005e-01 1.0000000000000000e+00
1706 3 5.9999999999999998e-01 1.0000000000000000e+00
1706 5 5.9999999999999998e-01 1.0000000000000000e+00
1707 3 6.4000000000000001e-01 1.0000000000000000e+00
1707 5 6.4000000000000001e-01 1.0000000000000000e+00
1708 3 6.8000000000000005e-01 1.0000000000000000e+00
1708 5 6.8000000000000005e-01 1.0000000000000000e+00
1709 3 7.1999999999999997e-01 1.0000000000000000e+00
1709 5 7.1999999999999997e-01 1.0000000000000000e+00
1710 3 7.6000000000000001e-01 1.0000000000000000e+00
1710 5 7.6000000000000001e-01 1.0000000000000000e+00
1711 3 8.0000000000000004e-01 1.0000000000000000e+00
1711 5 8.0000000000000004e-01 1.0000000000000000e+00
1712 3 8.3999999999999997e-01 1.0000000000000000e+00
1712 5 8.3999999999999997e-01 1.0000000000000000e+00
1713 3 8.8000000000000000e-01 1.0000000000000000e+00
1713 5 8.8000000000000000e-01 1.0000000000000000e+00
1714 3 9.2000000000000004e-01 1.0000000000000000e+00
1714 5 9.2000000000000004e-01 1.0000000000000000e+00
1715 3 9.5999999999999996e-01 1.0000000000000000e+00
1715 5 9.5999999999999996e-01 1.0000000000000000e+00
1716 1 1.0000000000000000e+00 1.0000000000000000e+00
1716 3 1.0000000000000000e+00 1.0000000000000000e+00
1716 5 1.0000000000000000e+00 1.0000000000000000e+00
1722 2 2.0000000000000000e-02 2.9999999999999999e-01
1724 0 1.0000000000000001e-01 2.9999999999999999e-01
1727 2 5.9999999999999998e-02 2.9999999999999999e-01
1734 0 3.0000000000000004e-01 2.9999999999999999e-01
1745 0 5.0000000000000000e-01 2.9999999999999999e-01
1754 0 6.9999999999999996e-01 2.9999999999999999e-01
1762 2 2.0000000000000000e-02 3.4999999999999998e-01
1763 2 4.0000000000000001e-02 3.4999999999999998e-01
1766 0 1.0000000000000001e-01 3.4999999999999998e-01
1767 0 2.0000000000000001e-01 3.4999999999999998e-01
1769 0 0.0000000000000000e+00 3.4999999999999998e-01
1769 2 0.0000000000000000e+00 3.4999999999999998e-01
1770 2 2.0000000000000000e-02 4.0000000000000002e-01
1772 0 1.0000000000000001e-01 4.0000000000000002e-01
1776 2 5.9999999999999998e-02 3.4999999999999998e-01
1777 2 8.0000000000000002e-02 3.4999999999999998e-01
1781 2 5.9999999999999998e-02 4.0000000000000002e-01
1792 0 3.0000000000000004e-01 3.4999999999999998e-01
1793 0 4.0000000000000002e-01 3.4999999999999998e-01
1796 0 3.0000000000000004e-01 4.0000000000000002e-01
1814 0 5.0000000000000000e-01 3.4999999999999998e-01
1815 0 5.9999999999999998e-01 3.4999999999999998e-01
1818 0 5.0000000000000000e-01 4.0000000000000002e-01
1836 0 6.9999999999999996e-01 3.4999999999999998e-01
1837 0 8.0000000000000004e-01 3.4999999999999998e-01
1840 0 6.9999999999999996e-01 4.0000000000000002e-01
1860 3 5.9999999999999998e-02 4.0000000000000002e-01
1864 3 1.0000000000000001e-01 4.0000000000000002e-01
1869 2 2.0000000000000000e-02 4.5000000000000001e-01
1870 2 4.0000000000000001e-02 4.5000000000000001e-01
1873 0 1.0000000000000001e-01 4.5000000000000001e-01
1874 0 2.0000000000000001e-01 4.5000000000000001e-01
1876 0 0.0000000000000000e+00 4.5000000000000001e-01
1876 2 0.0000000000000000e+00 4.5000000000000001e-01
1877 2 2.0000000000000000e-02 5.0000000000000000e-01
1879 0 1.0000000000000001e-01 5.0000000000000000e-01
1883 2 5.9999999999999998e-02 4.5000000000000001e-01
1884 2 8.0000000000000002e-02 4.5000000000000001e-01
1888 2 5.9999999999999998e-02 5.0000000000000000e-01
1900 0 3.0000000000000004e-01 4.5000000000000001e-01
1901 0 4.0000000000000002e-01 4.5000000000000001e-01
1904 0 3.0000000000000004e-01 5.0000000000000000e-01
1924 0 5.0000000000000000e-01 4.5000000000000001e-01
1925 0 5.9999999999999998e-01 4.5000000000000001e-01
1928 0 5.0000000000000000e-01 5.0000000000000000e-01
1945 0 6.9999999999999996e-01 4.5000000000000001e-01
1946 0 8.0000000000000004e-01 4.5000000000000001e-01
1949 0 6.9999999999999996e-01 5.0000000000000000e-01
1966 3 4.0000000000000001e-02 4.5000000000000001e-01
1971 3 8.0000000000000002e-02 4.5000000000000001e-01
1973 3 5.9999999999999998e-02 4.5000000000000001e-01
1974 3 5.9999999999999998e-02 5.0000000000000000e-01
1978 3 1.2000000000000000e-01 4.5000000000000001e-01
1980 3 1.0000000000000001e-01 4.5000000000000001e-01
1981 3 1.0000000000000001e-01 5.0000000000000000e-01
1986 2 2.0000000000000000e-02 5.5000000000000004e-01
1987 2 4.0000000000000001e-02 5.5000000000000004e-01
1990 0 1.0000000000000001e-01 5.5000000000000004e-01
1991 0 2.0000000000000001e-01 5.5000000000000004e-01
1993 0 0.0000000000000000e+00 5.5000000000000004e-01
1993 2 0.0000000000000000e+00 5.5000000000000004e-01
1994 2 2.0000000000000000e-02 5.9999999999999998e-01
1996 0 1.0000000000000001e-01 5.9999999999999998e-01
2000 2 5.9999999999999998e-02 5.5000000000000004e-01
2001 2 8.0000000000000002e-02 5.5000000000000004e-01
2005 2 5.9999999999999998e-02 5.9999999999999998e-01
2017 0 3.0000000000000004e-01 5.5000000000000004e-01
2018 0 4.0000000000000002e-01 5.5000000000000004e-01
2021 0 3.0000000000000004e-01 5.9999999999999998e-01
2040 0 5.0000000000000000e-01 5.5000000000000004e-01
2041 0 5.9999999999999998e-01 5.5000000000000004e-01
2044 0 5.0000000000000000e-01 5.9999999999999998e-01
2063 0 6.9999999999999996e-01 5.5000000000000004e-01
2064 0 8.0000000000000004e-01 5.5000000000000004e-01
2067 0 6.9999999999999996e-01 5.9999999999999998e-01
2084 3 4.0000000000000001e-02 5.5000000000000004e-01
2089 3 8.0000000000000002e-02 5.5000000000000004e-01
2091 3 5.9999999999999998e-02 5.5000000000000004e-01
2092 3 5.9999999999999998e-02 5.9999999999999998e-01
2096 3 1.2000000000000000e-01 5.5000000000000004e-01
2098 3 1.0000000000000001e-01 5.5000000000000004e-01
2099 3 1.0000000000000001e-01 5.9999999999999998e-01
2173 3 4.0000000000000001e-02 6.4999999999999991e-01
2177 3 8.0000000000000002e-02 6.4999999999999991e-01
2179 3 5.9999999999999998e-02 6.4999999999999991e-01
2180 3 5.9999999999999998e-02 6.9999999999999996e-01
2184 3 1.2000000000000000e-01 6.4999999999999991e-01
2186 3 1.0000000000000001e-01 6.4999999999999991e-01
2187 3 1.0000000000000001e-01 6.9999999999999996e-01
2203 0 1.0000000000000001e-01 2.0000000000000001e-01
2207 0 3.0000000000000004e-01 2.0000000000000001e-01
2213 0 5.0000000000000000e-01 2.0000000000000001e-01
2219 2 4.0000000000000001e-02 2.5000000000000000e-01
2221 0 1.0000000000000001e-01 2.5000000000000000e-01
2222 0 2.0000000000000001e-01 2.5000000000000000e-01
2223 0 0.0000000000000000e+00 2.5000000000000000e-01
2223 2 0.0000000000000000e+00 2.5000000000000000e-01
2230 0 3.0000000000000004e-01 2.5000000000000000e-01
2231 0 4.0000000000000002e-01 2.5000000000000000e-01
2240 0 5.0000000000000000e-01 2.5000000000000000e-01
2241 0 5.9999999999999998e-01 2.5000000000000000e-01
2290 0 2.0000000000000001e-01 6.4999999999999991e-01
2292 0 3.0000000000000004e-01 6.4999999999999991e-01
2293 0 4.0000000000000002e-01 6.4999999999999991e-01
2296 0 3.0000000000000004e-01 6.9999999999999996e-01
2297 0 5.0000000000000000e-01 6.4999999999999991e-01
2298 0 5.9999999999999998e-01 6.4999999999999991e-01
2301 0 5.0000000000000000e-01 6.9999999999999996e-01
2306 0 6.9999999999999996e-01 6.4999999999999991e-01
2307 0 8.0000000000000004e-01 6.4999999999999991e-01
2310 0 6.9999999999999996e-01 6.9999999999999996e-01
2349 3 8.0000000000000002e-02 7.5000000000000000e-01
2353 3 1.2000000000000000e-01 7.5000000000000000e-01
2482 2 5.0000000000000003e-02 4.0000000000000002e-01
2666 0 4.5000000000000001e-01 4.0000000000000002e-01
2868 2 4.0000000000000001e-02 4.2500000000000004e-01
2870 2 4.0000000000000001e-02 4.7499999999999998e-01
2904 2 5.0000000000000003e-02 4.2500000000000004e-01
2905 2 5.9999999999999998e-02 4.2500000000000004e-01
2930 2 5.0000000000000003e-02 4.5000000000000001e-01
2932 2 5.0000000000000003e-02 4.7499999999999998e-01
2933 2 5.0000000000000003e-02 5.0000000000000000e-01
2937 2 5.9999999999999998e-02 4.7499999999999998e-01
2989 0 4.0000000000000002e-01 4.2500000000000004e-01
2991 0 3.5000000000000003e-01 4.5000000000000001e-01
2993 0 3.5000000000000003e-01 4.7499999999999998e-01
2994 0 4.0000000000000002e-01 4.7499999999999998e-01
3008 0 3.0000000000000004e-01 4.7499999999999998e-01
3010 0 3.5000000000000003e-01 5.0000000000000000e-01
3098 0 4.5000000000000001e-01 4.2500000000000004e-01
3099 0 5.0000000000000000e-01 4.2500000000000004e-01
3102 0 5.5000000000000004e-01 4.5000000000000001e-01
3104 0 5.5000000000000004e-01 4.7499999999999998e-01
3105 0 5.9999999999999998e-01 4.7499999999999998e-01
3121 0 4.5000000000000001e-01 4.5000000000000001e-01
3122 0 4.5000000000000001e-01 4.7499999999999998e-01
3123 0 4.5000000000000001e-01 5.0000000000000000e-01
3125 0 5.0000000000000000e-01 4.7499999999999998e-01
3127 0 5.5000000000000004e-01 5.0000000000000000e-01
3312 3 8.0000000000000002e-02 4.7499999999999998e-01
3326 3 7.0000000000000007e-02 4.5000000000000001e-01
3327 3 7.0000000000000007e-02 4.7499999999999998e-01
3331 3 5.9999999999999998e-02 4.7499999999999998e-01
3333 3 7.0000000000000007e-02 5.0000000000000000e-01
3374 2 4.0000000000000001e-02 5.2500000000000002e-01
3407 2 5.0000000000000003e-02 5.2500000000000002e-01
3408 2 5.9999999999999998e-02 5.2500000000000002e-01
3433 2 5.0000000000000003e-02 5.5000000000000004e-01
3486 0 4.0000000000000002e-01 5.2500000000000002e-01
3583 0 4.5000000000000001e-01 5.2500000000000002e-01
3584 0 5.0000000000000000e-01 5.2500000000000002e-01
3599 0 4.5000000000000001e-01 5.5000000000000004e-01
3801 3 8.0000000000000002e-02 5.2500000000000002e-01
3806 3 8.0000000000000002e-02 5.7499999999999996e-01
3818 3 5.9999999999999998e-02 5.2500000000000002e-01
3821 3 7.0000000000000007e-02 5.2500000000000002e-01
3822 3 7.0000000000000007e-02 5.5000000000000004e-01
3823 3 7.0000000000000007e-02 5.7499999999999996e-01
3827 3 5.9999999999999998e-02 5.7499999999999996e-01
3829 3 7.0000000000000007e-02 5.9999999999999998e-01